0.620946 0.962055
0.749800 0.704404
0.604961 0.649388
0.133523 0.859182
0.410039 0.055890
0.541448 0.085611
0.970452 0.090505
0.197612 0.927768
0.597400 0.793659
0.316115 0.402731
0.843914 0.484904
0.273413 0.359666
0.158628 0.256363
0.325977 0.217195
0.659998 0.455316
0.377242 0.070532
0.340080 0.940855
0.665945 0.317100
0.015773 0.322421
0.147391 0.887808
0.385451 0.092109
0.769787 0.890925
0.620242 0.547984
0.809771 0.976416
0.021691 0.672270
0.924381 0.010878
0.411391 0.676102
0.601124 0.716667
0.083164 0.751640
0.243503 0.773528
0.344685 0.682717
0.216230 0.507038
0.902966 0.356750
0.792551 0.695382
0.606927 0.893546
0.095508 0.214463
0.350290 0.060690
0.805622 0.211066
0.259363 0.880591
0.619414 0.244807
0.642761 0.850837
0.186330 0.371755
0.563969 0.997377
0.526042 0.456178
0.312637 0.059145
0.733795 0.091520
0.496801 0.463086
0.118340 0.387723
0.955791 0.390158
0.785191 0.539246
0.202325 0.155729
0.077345 0.526573
0.642371 0.331886
0.216264 0.523769
0.392633 0.524528
0.947839 0.585592
0.118043 0.484722
0.991227 0.969902
0.945455 0.281645
0.612837 0.014591
0.174746 0.593536
0.703448 0.832989
0.204861 0.783438
0.323316 0.217645
0.819825 0.318117
0.798315 0.049662
0.738574 0.261377
0.099575 0.199191
0.122491 0.027113
0.419704 0.372445
0.555789 0.312789
0.570662 0.611558
0.866482 0.150620
0.071450 0.185859
0.039407 0.311594
0.568242 0.426568
0.387850 0.876591
0.535223 0.651699
0.096598 0.649165
0.041329 0.703890
0.226770 0.226205
0.736223 0.781124
0.281590 0.965499
0.108296 0.178787
0.472284 0.793364
0.498095 0.281221
0.894588 0.780829
0.312547 0.641915
0.928880 0.683468
0.378466 0.273705
0.310744 0.187847
0.398276 0.333829
0.483821 0.436623
0.026527 0.233403
0.043068 0.514697
0.172713 0.826866
0.304119 0.970448
0.754044 0.744183
0.293194 0.118874
0.271260 0.117033
