0.866685 0.022254
0.574552 0.870609
0.423159 0.733757
0.114745 0.885278
0.963921 0.902881
0.020599 0.733487
0.722490 0.895317
0.230724 0.561783
0.893583 0.896108
0.478603 0.442225
0.483766 0.112073
0.445985 0.342862
0.312267 0.096825
0.618794 0.322614
0.069657 0.339763
0.644427 0.908857
0.257207 0.839538
0.294952 0.210704
0.775991 0.242821
0.977648 0.696977
0.912338 0.270821
0.102487 0.725087
0.475049 0.578860
0.515577 0.845492
0.879804 0.898373
0.638233 0.626167
0.047500 0.296111
0.913287 0.242475
0.085790 0.651869
0.653374 0.360043
0.856868 0.003963
0.410385 0.901760
0.699612 0.240738
0.540903 0.134696
0.770459 0.726774
0.729388 0.138761
0.694946 0.844039
0.849016 0.126111
0.480630 0.101097
0.689496 0.268815
0.932125 0.417581
0.761864 0.662002
0.130328 0.426487
0.602158 0.800699
0.890387 0.153453
0.739041 0.480790
0.496792 0.230038
0.764853 0.347992
0.429007 0.877110
0.755247 0.413502
0.237323 0.254812
0.619469 0.730912
0.206192 0.417177
0.831502 0.086228
0.951042 0.032307
0.391718 0.991317
0.634668 0.233132
0.799345 0.490811
0.060525 0.449137
0.277959 0.293496
0.502846 0.836011
0.489394 0.521415
0.767235 0.968061
0.495858 0.933424
0.640492 0.787304
0.785708 0.824630
0.584650 0.413528
0.765288 0.929139
0.257793 0.311192
0.237323 0.560774
0.202991 0.481898
0.035869 0.914876
0.836726 0.805281
0.168394 0.924043
0.689472 0.386480
0.527554 0.311647
0.703652 0.784997
0.478334 0.519166
0.277949 0.297564
0.400678 0.996890
0.662017 0.046780
0.573369 0.942225
0.251909 0.487581
0.621860 0.945871
0.314088 0.085260
0.120895 0.163294
0.674675 0.341568
0.842184 0.567473
0.950616 0.049545
0.568074 0.558550
0.970756 0.643078
0.354042 0.707048
0.137338 0.773792
0.616037 0.689519
0.612229 0.795703
0.443067 0.538965
0.377228 0.667218
0.091141 0.177107
0.414080 0.890354
0.701549 0.821542
0.477392 0.498700
0.904650 0.268077
0.192387 0.778471
0.119744 0.236981
0.499526 0.361121
0.042270 0.941626
0.789273 0.561303
0.021483 0.788995
0.422836 0.350625
0.774934 0.653712
0.718518 0.155421
0.160486 0.480765
0.898320 0.745935
0.532252 0.066805
0.935752 0.844622
0.543790 0.745883
0.723343 0.722879
0.130011 0.362699
0.487119 0.978381
0.798693 0.354951
0.915374 0.889299
0.293165 0.986048
0.040329 0.226999
0.149619 0.770476
0.513829 0.175485
0.665686 0.916291
0.552006 0.053613
0.321322 0.172727
0.488893 0.865298
0.748711 0.815604
0.575225 0.313216
0.934819 0.629209
0.386257 0.803132
0.458371 0.650558
0.961161 0.138855
0.212471 0.130406
0.586652 0.061876
0.244718 0.635116
0.958745 0.525149
0.058609 0.464456
0.309103 0.607031
0.963160 0.592643
0.966234 0.269289
0.832121 0.153405
0.736796 0.742139
0.939794 0.084577
0.438611 0.179684
0.377396 0.923710
0.894478 0.370676
0.922066 0.903417
0.704704 0.712397
0.130036 0.433628
0.156282 0.359573
0.856140 0.777688
0.697950 0.445534
0.363749 0.230171
0.512900 0.539513
0.682407 0.386541
0.854694 0.051739
0.894814 0.158256
0.976987 0.127167
0.590516 0.031628
0.683937 0.678960
0.810535 0.694738
0.755730 0.604518
0.425355 0.563940
0.762441 0.899625
0.038096 0.929946
0.069467 0.340441
0.185368 0.413224
0.159093 0.638404
0.820202 0.169412
0.745264 0.489679
0.804637 0.817676
0.542429 0.738698
0.413938 0.378429
0.964376 0.954383
0.660107 0.601531
0.475245 0.078023
0.579229 0.942097
0.792470 0.443378
0.495394 0.098233
0.650169 0.392429
0.673329 0.463524
0.371540 0.914286
0.702546 0.066820
0.070136 0.220135
0.417723 0.572818
0.902400 0.933694
0.153197 0.699202
0.427640 0.624507
0.653871 0.969552
0.796683 0.740498
0.020492 0.065967
0.186695 0.606564
0.654177 0.171334
0.627237 0.047596
0.283215 0.598382
0.121390 0.367143
0.804614 0.691155
0.755819 0.867074
0.853498 0.454251
0.314961 0.828899
0.725385 0.616164
0.767019 0.894053
0.519547 0.865274
0.873282 0.078280
0.146050 0.810527
0.087288 0.234339
0.144765 0.813563
0.856666 0.637650
0.101510 0.215023
0.418004 0.511048
0.814700 0.634993
0.183911 0.727703
0.265258 0.966045
0.861459 0.635350
0.873206 0.397010
0.512470 0.930323
0.486309 0.306650
0.868696 0.776494
0.039236 0.148582
0.348666 0.912065
0.846206 0.512313
0.388081 0.316271
0.045665 0.389935
0.891857 0.118388
0.802517 0.304059
0.843531 0.823063
0.491560 0.359730
0.366452 0.598812
0.235218 0.471605
0.821298 0.330650
0.849288 0.987343
0.845685 0.373159
0.462384 0.679187
0.594214 0.456913
0.817880 0.607899
0.821066 0.999014
0.541583 0.676719
0.862313 0.147605
0.464055 0.787723
0.021390 0.250585
0.423373 0.388946
0.338716 0.080332
0.842309 0.857855
0.235237 0.069107
0.773333 0.605238
0.059714 0.013915
0.035470 0.003292
0.140851 0.194940
0.529003 0.242691
0.547923 0.618277
0.807136 0.005611
0.397313 0.141538
0.508168 0.405191
0.207451 0.570016
0.307397 0.986631
0.500909 0.421420
0.634866 0.711085
0.579947 0.948826
0.523243 0.750767
0.160607 0.184319
0.599546 0.612130
0.340475 0.219907
0.415068 0.573734
0.196539 0.677652
0.019781 0.676372
0.162087 0.337538
0.930683 0.535263
0.215402 0.189481
0.417920 0.057602
0.828027 0.754957
0.338229 0.743466
0.566684 0.384102
0.582121 0.624062
0.220452 0.375710
0.569414 0.048538
0.333612 0.190441
0.127136 0.469038
0.064590 0.731622
0.514461 0.093418
0.362743 0.653394
0.321284 0.776016
0.557236 0.922550
0.460192 0.799093
0.586092 0.408275
0.495991 0.261040
0.258490 0.103070
0.112641 0.632179
0.139712 0.688534
0.604329 0.664940
0.875651 0.551253
0.895610 0.252458
0.032618 0.026890
0.744939 0.018079
0.818161 0.604703
0.466570 0.388005
0.369986 0.060041
0.717759 0.650283
0.652519 0.998980
0.641309 0.035574
0.384507 0.097112
0.927958 0.168598
0.836059 0.393601
0.168752 0.333901
0.779817 0.361982
0.204472 0.875546
0.358511 0.120748
0.047329 0.707570
0.139908 0.069670
0.349575 0.350520
0.170235 0.441855
0.324331 0.129107
0.408422 0.746913
0.485857 0.166991
0.526054 0.847222
0.569629 0.596954
0.691738 0.457101
0.517044 0.968164
0.623570 0.183818
0.465186 0.176985
0.889755 0.839732
0.269051 0.373761
0.164890 0.646420
0.201755 0.205209
0.908281 0.124539
0.127679 0.440566
0.720655 0.917259
0.624176 0.499326
0.456932 0.530433
0.239358 0.649405
0.025283 0.989313
0.316671 0.676792
0.686444 0.709437
0.591350 0.641207
0.582335 0.458420
0.069550 0.927043
0.169312 0.145762
0.537812 0.174808
0.208897 0.319345
0.418737 0.835542
0.977658 0.670170
0.588126 0.029149
0.397909 0.550986
0.199506 0.107293
0.862232 0.499794
0.523905 0.822529
0.627319 0.025846
0.305856 0.287497
0.786454 0.463564
0.161080 0.971570
0.994986 0.528953
0.096910 0.826986
0.319406 0.323399
0.323471 0.262542
0.808239 0.921362
0.141764 0.090108
0.641678 0.351318
0.844253 0.757717
0.006989 0.733411
0.244170 0.152710
0.167971 0.572626
0.661721 0.009391
0.549298 0.722884
0.938485 0.487872
0.040371 0.335338
0.325764 0.804255
0.138331 0.183225
0.898267 0.887062
0.996193 0.115987
0.481442 0.910740
0.919573 0.036986
0.948941 0.214356
0.364304 0.721980
0.146090 0.552026
0.027233 0.999629
0.625940 0.841382
0.193832 0.300653
0.846343 0.577338
0.108736 0.348872
0.469714 0.860646
0.769168 0.815191
0.931490 0.554215
0.206206 0.084719
0.499032 0.424896
0.015160 0.897550
0.629565 0.254387
0.623857 0.515324
0.553968 0.810183
0.546421 0.238564
0.662589 0.255924
0.660185 0.553864
0.449986 0.050263
0.364636 0.925365
0.487345 0.634318
0.333873 0.261558
0.134528 0.240019
0.457794 0.386296
0.478125 0.965144
0.482323 0.422007
0.287505 0.855530
0.805237 0.853457
0.617831 0.110968
0.861704 0.181989
0.057113 0.688474
0.542444 0.503050
0.513842 0.515144
0.127440 0.043888
0.872359 0.242493
0.289444 0.683675
0.805064 0.975173
0.824031 0.744899
0.523724 0.689198
0.896775 0.892730
0.276547 0.118261
0.763125 0.808164
0.953354 0.731461
0.112889 0.411083
0.248106 0.051755
0.418731 0.801012
0.446193 0.971643
0.926909 0.756155
0.053317 0.911092
0.218500 0.585435
0.163459 0.632434
0.590653 0.363588
0.675329 0.277928
0.859962 0.095978
0.209882 0.727937
0.573814 0.157641
0.855869 0.691104
0.030635 0.430183
0.676085 0.032678
0.956224 0.920477
0.243862 0.723099
0.160912 0.286757
0.347545 0.446169
0.011087 0.620495
0.400078 0.344635
0.088624 0.036610
0.021519 0.600713
0.983106 0.109863
0.724188 0.550081
0.764199 0.961919
0.623342 0.810076
0.315394 0.851408
0.620663 0.466317
0.375311 0.448388
0.563522 0.706705
0.829091 0.585025
0.469903 0.417715
0.519929 0.165838
0.027009 0.165138
0.609573 0.093754
0.221015 0.669892
0.306679 0.522309
0.136075 0.359261
0.603185 0.479676
0.672630 0.824889
0.511411 0.926803
0.178186 0.051079
0.178380 0.609806
0.758192 0.090441
0.168892 0.645849
0.340286 0.458638
0.155185 0.642112
0.402088 0.895975
0.228525 0.289029
0.640899 0.300777
0.056900 0.791842
0.763067 0.578019
0.152993 0.208630
0.001449 0.866349
0.587920 0.748288
0.931317 0.107659
0.588751 0.348576
0.648205 0.205575
0.591616 0.402172
0.395632 0.082698
0.487256 0.327795
0.286267 0.791184
0.992144 0.793788
0.847061 0.457193
0.305851 0.793178
0.736983 0.247000
0.474128 0.442063
0.135455 0.731006
0.167204 0.327286
0.980221 0.991629
0.904086 0.464705
0.445306 0.572037
0.106210 0.445969
0.792887 0.894895
0.747534 0.149570
0.007301 0.093787
0.783267 0.471030
0.425104 0.294699
0.985656 0.887430
0.911976 0.260919
